0.007364943276327446
0.02319004812686279
0.03898113479831829
0.03898113479831829
0.02319004812686276
0.007364943276327446
0.02737025255326561
0.0685574635670216
0.088033020369077
0.06303761965527911
0.02319004812686276
0.04986179327842406
0.0956350991764716
0.088033020369077
0.038981134798318315
0.04986179327842406
0.0685574635670216
0.038981134798318315
0.02737025255326561
0.02319004812686276
0.007364943276327446
0.02737025255326561
0.07149849460984596
0.09578163559940535
0.07149849460984599
0.02737025255326561
0.0776864916282
0.15530951636943596
0.1489097291602205
0.06855746356702162
0.10396676176259072
0.1489097291602205
0.08803302036907702
0.07149849460984596
0.06303761965527908
0.02319004812686276
0.049861793278424035
0.10396676176259072
0.10396676176259072
0.04986179327842406
0.10396676176259072
0.1553095163694359
0.0956350991764716
0.09578163559940535
0.088033020369077
0.038981134798318315
0.049861793278424035
0.0776864916282
0.049861793278424035
0.07149849460984596
0.0685574635670216
0.038981134798318315
0.02737025255326561
0.02737025255326561
0.02319004812686276
0.007364943276327446
0.023190048126862775
0.06303761965527911
0.08803302036907694
0.06855746356702162
0.02737025255326561
0.07149849460984596
0.1489097291602205
0.1489097291602205
0.07149849460984596
0.10396676176259072
0.1553095163694359
0.09578163559940535
0.07768649162820003
0.07149849460984596
0.027370252553265584
0.0685574635670216
0.1489097291602205
0.15530951636943596
0.0776864916282
0.1553095163694359
0.24185667602659777
0.15530951636943596
0.15530951636943596
0.1489097291602205
0.06855746356702162
0.0956350991764716
0.1553095163694359
0.10396676176259072
0.1489097291602205
0.1489097291602205
0.08803302036907697
0.0685574635670216
0.07149849460984596
0.06303761965527908
0.023190048126862775
0.03898113479831829
0.08803302036907694
0.09563509917647163
0.04986179327842406
0.0957816355994053
0.15530951636943596
0.10396676176259072
0.10396676176259069
0.10396676176259072
0.04986179327842406
0.08803302036907691
0.1489097291602205
0.10396676176259072
0.1489097291602205
0.15530951636943596
0.09563509917647163
0.08803302036907691
0.0957816355994053
0.08803302036907694
0.03898113479831829
0.03898113479831826
0.06855746356702162
0.04986179327842406
0.07149849460984588
0.0776864916282
0.04986179327842406
0.06303761965527906
0.07149849460984588
0.0685574635670216
0.03898113479831829
0.02319004812686276
0.02737025255326561
0.02737025255326561
0.023190048126862775
0.007364943276327446
